265.051910 -53.606644 41.299919
265.051910 -50.214642 40.894920
265.051910 -47.059639 39.805916
265.051910 -44.102642 38.004913
265.051910 -41.624641 35.623917
265.051910 -39.831642 32.982918
265.051910 -38.522640 29.761917
265.051910 -37.931641 26.004913
265.051910 -38.124641 22.908920
265.051910 -39.111641 19.414917
265.052917 -40.732639 16.429916
265.052917 -42.931641 13.873917
265.052917 -45.604641 11.853912
265.052917 -50.025642 10.034912
265.053925 -53.051643 9.600922
280.061920 -53.189644 41.030914
280.061920 -50.112640 40.600914
280.058929 -47.371643 39.656914
280.058929 -45.199642 38.458916
280.058929 -41.223640 34.675919
280.058929 -39.870640 32.470917
280.058929 -38.859642 29.933914
280.058929 -38.274639 26.997910
280.058929 -38.237640 24.319916
280.058929 -38.777641 21.225922
280.057922 -39.655640 18.857910
280.057922 -41.051640 16.448914
280.058929 -43.513641 13.714920
280.058929 -46.623642 11.593918
280.058929 -49.679642 10.399918
280.059937 -53.317642 9.854919
264.240479 -54.394382 41.304924
264.241486 -57.330383 40.914925
264.241486 -60.466385 39.838921
264.241486 -64.173386 37.439926
264.241486 -67.382385 33.618919
264.241486 -69.120384 29.514923
264.241486 -69.649384 25.734924
264.241486 -69.450378 22.912918
264.241486 -68.729385 20.109924
264.241486 -67.239380 17.030930
264.240479 -65.738388 15.008926
264.241486 -62.777382 12.367920
264.241486 -59.546383 10.656921
264.241486 -56.015381 9.729919
264.239471 -54.546383 9.589920
280.601501 -54.545383 9.875916
280.600494 -57.845383 10.393921
280.600494 -60.836384 11.537918
280.600494 -63.992382 13.653915
280.601501 -66.523384 16.443924
280.600494 -67.960388 18.938919
280.602478 -68.876389 21.498917
280.602478 -69.350388 24.412918
280.601501 -69.238388 27.574921
280.600494 -68.425385 30.824921
280.600494 -66.958389 33.791924
280.601501 -64.841385 36.444923
280.601501 -62.196384 38.578926
280.601501 -57.857384 40.497925
280.602478 -55.898384 40.892921