-301.60599999999999 109.15800000000000 -202.61199999999999
-301.61149999999998 110.63650000000000 -198.23750000000001
-302.08550000000002 111.70150000000000 -196.42000000000002
-302.00749999999999 114.60550000000001 -193.24850000000001
-302.32100000000003 119.24850000000001 -190.55600000000001
-302.32350000000002 120.84650000000001 -190.05900000000000
-302.57850000000002 122.49150000000000 -189.73200000000000
-302.56950000000001 124.74600000000001 -189.56950000000001
-302.33300000000003 128.12800000000001 -189.92300000000000
-302.90050000000002 132.02400000000000 -191.33550000000000
-303.13200000000001 136.70050000000001 -194.99950000000001
-303.76999999999998 139.18650000000000 -198.94050000000001
-303.93150000000003 139.80350000000001 -200.56649999999999
-307.63800000000003 139.66050000000001 -201.03950000000000
-309.07900000000001 138.96850000000001 -199.40100000000001
-310.34699999999998 136.79700000000000 -195.82650000000001
-310.60050000000001 130.03700000000001 -190.76599999999999
-311.42500000000001 119.64100000000001 -190.36400000000000
-311.44749999999999 114.54300000000001 -193.00200000000001
-311.56200000000001 110.52800000000001 -197.62400000000000
-311.51850000000002 108.71100000000000 -202.64350000000002
-314.65500000000003 108.39650000000000 -203.94100000000000
-319.40100000000001 108.12150000000000 -205.54150000000001
-319.40000000000003 108.65300000000001 -201.32100000000000
-319.40000000000003 110.01950000000001 -197.91750000000002
-319.41300000000001 112.51550000000000 -194.52950000000001
-320.07800000000003 115.59100000000001 -192.06000000000000
-320.60849999999999 118.73150000000000 -190.60249999999999
-320.60750000000002 119.14450000000001 -190.47200000000001
-320.60750000000002 121.22000000000000 -189.99799999999999
-320.60750000000002 125.21300000000001 -189.88499999999999
-320.88100000000003 128.12250000000000 -190.46950000000001
-321.23099999999999 132.64150000000001 -192.69350000000000
-321.11750000000001 134.13749999999999 -193.88849999999999
-321.12299999999999 136.82150000000001 -197.09600000000000
-321.12299999999999 138.31900000000002 -200.17400000000001
-321.12150000000003 138.99050000000000 -202.74250000000001